21
98
41
89
40
57
15
91
70
12
47
50
95
1
79
73
33
47
80
79
57
46
7
99
38
53
30
61
40
90
98
65
71
4
24
23
34
27
60
22
3
51
73
41
3
27
16
20
79
54
57
47
86
93
64
42
64
1
38
69
69
74
83
55
55
81
12
71
80
91
97
30
38
92
93
28
98
76
55
21
37
28
85
0
19
72
92
56
54
40
54
75
78
45
80
85
27
4
84
73
72
98
32
39
80
91
82
26
87
53
39
85
58
8
19
29
80
72
78
45
68
71
33
55
64
81
4
15
29
78
53
38
90
68
67
17
75
46
40
32
99
94
29
58
21
62
35
79
20
29
27
42
78
33
11
24
55
60
89
33
79
73
53
22
22
13
63
33
69
96
39
26
49
6
13
6
44
75
57
42
44
75
39
33
72
82
53
19
62
32
85
84
71
29
22
97
22
73
88
93
8
6
36
59
26
11
22
12
90
14
6
5
7
30
46
20
78
47
26
84
1
94
65
34
84
88
28
82
65
20
62
15
10
22
54
16
1
20
90
88
6
55
33
73
13
98
63
26
32
87
22
82
54
22
93
57
81
61
13
74
13
62
52
10
6
64
1
73
43
16
75
26
46
7
30
46
47
74
40
74
46
31
1
78
42
8
45
28
8
85
67
61
42
34
51
30
27
43
54
65
71
69
70
47
29
54
21
4
13
84
15
7
41
70
80
28
47
64
16
19
0
94
1
98
49
74
63
27
87
11
52
1
94
17
71
41
7
18
71
18
78
38
44
98
55
24
42
3
53
70
11
58
33
76
0
94
29
88
64
37
93
29
79
1
48
1
29
26
23
57
87
0
3
86
5
44
33
78
51
68
23
86
78
53
11
30
26
64
12
5
29
65
4
92
11
72
84
6
42
57
67
55
85
43
23
58
40
78
55
76
32
75
46
71
73
57
38
76
9
69
67
26
35
49
78
36
89
99
27
18
84
86
70
83
58
99
43
79
87
66
5
36
91
51
30
67
19
16
50
11
76
29
60
45
71
27
98
34
8
86
0
14
8
81
96
69
29
36
6
21
64
18
64
84
26
65
97
68
49
52
22
2
76
43
23
27
74
78
0
5
32
12
75
18
33
51
45
82
82
89
33
52
75
1
86
52
17
53
6
20
88
24
12
97
40
17
91
64
35
74
88
18
77
30
29
5
25
70
21
9
42
95
92
44
66
4
41
43
50
26
95
65
65
84
79
69
84
72
45
24
76
52
82
20
80
83
70
69
10
4
28
19
31
70
38
85
75
89
43
57
83
73
8
52
39
0
96
9
60
27
60
30
31
82
9
84
64
69
37
57
37
12
38
11
75
57
31
82
59
85
45
99
76
65
10
37
68
37
81
22
81
56
89
48
70
34
39
97
10
61
19
76
98
74
19
97
70
93
60
21
66
85
28
84
39
36
13
64
62
89
87
15
62
68
67
85
69
30
91
75
8
38
23
68
44
82
47
70
70
70
21
29
12
84
86
29
86
75
60
33
42
82
82
49
19
6
67
92
66
20
9
7
80
22
86
59
53
8
71
9
37
19
89
77
16
46
89
84
80
57
3
44
51
75
18
7
45
91
92
62
19
35
45
68
77
58
23
74
95
97
73
67
30
13
32
6
99
39
55
68
73
0
55
24
52
76
27
41
90
11
35
4
61
83
60
83
32
21
83
17
47
19
70
95
2
15
40
25
81
67
18
83
78
41
16
39
52
69
45
56
20
5
7
52
32
77
84
47
20
57
78
84
68
8
14
53
95
2
86
84
86
95
9
69
50
83
41
40
84
90
33
83
83
18
13
83
24
79
46
40
37
91
67
27
60
51
93
58
7
94
96
36
2
41
23
66
53
7
35
78
12
68
13
66
33
74
49
1
12
43
26
7
23
98
26
62
41
28
60
62
90
43
62
53
52
67
62
47
51
5
65
74
68
78
14
82
0
84
10
18
73
40
96
87
70
12
64
21
56
87
29
11
54
92
55
39
73
68
97
16
41
17
72
52
99
47
65
67
79
61
48
82
67
86
0
48
95
46
37
92
53
33
54
11
5
42
96
5
93
60
64
15
22
14
95
65
82
25
52
91
91
33
60
28
86
93
91
75
46
83
36
70
0
92
1
54
30
72
4
33
16
35
78
67
82
21
91
39
33
3
89
73
47
55
70
34
18
85
23
12
53
4
37
85
96
38
79
43
41
91
16
98
77
57
49
61
54
81
63
19
56
54
86
54
91
76
29
95
46
71
